      0/49     2.49G   0.07777   0.04767   0.03312    0.1586        71       640    0.8847    0.1223    0.1401   0.05257   0.05796    0.0598   0.02271
      1/49     2.51G   0.06176   0.03879   0.02076    0.1213        38       640    0.4933    0.2932    0.2581   0.08481   0.05825    0.0568   0.01797
      2/49     2.51G   0.05701   0.03756    0.0176    0.1122        58       640    0.5939     0.358    0.3534    0.1501   0.04758   0.05537   0.01524
      3/49     2.52G   0.05051   0.03724   0.01526     0.103        39       640    0.5776    0.4368     0.472    0.2259   0.04252   0.05376   0.01293
      4/49     2.52G   0.04586   0.03575   0.01338   0.09499        38       640    0.7227    0.5088    0.5702    0.2834   0.03945   0.05347   0.01135
      5/49     2.52G    0.0433   0.03527   0.01181   0.09038        51       640     0.798     0.532    0.6355    0.3212   0.03836   0.05135  0.009923
      6/49     2.52G   0.04173   0.03466    0.0107   0.08708        42       640    0.7016    0.6132    0.6565    0.3376   0.03732   0.05072  0.008924
      7/49     2.52G   0.04046   0.03351  0.009478   0.08345        57       640    0.7659    0.6334    0.6958    0.3625   0.03598   0.04996  0.008386
      8/49     2.52G   0.03942   0.03315   0.00896   0.08153        40       640     0.787    0.6548    0.7381    0.4087   0.03527   0.04967  0.007509
      9/49     2.52G   0.03844   0.03296  0.008074   0.07947        51       640    0.7701    0.7099    0.7611    0.3982    0.0345    0.0487  0.006969
     10/49     2.52G   0.03813   0.03312   0.00763   0.07888        56       640    0.8194    0.6995     0.777    0.4325   0.03394   0.04803  0.006523
     11/49     2.52G   0.03741   0.03236  0.007144   0.07692        35       640      0.84    0.6912     0.774    0.4335   0.03347     0.048  0.006349
     12/49     2.52G   0.03669   0.03207  0.006746    0.0755        52       640    0.8508    0.7183     0.803    0.4635   0.03309   0.04725   0.00582
     13/49     2.52G   0.03615   0.03162  0.006426    0.0742        47       640    0.8925    0.7179    0.8187    0.4609   0.03297   0.04722  0.005553
     14/49     2.52G   0.03536   0.03138  0.006066   0.07281        91       640    0.8256    0.7593    0.8232    0.4741   0.03246   0.04627  0.005305
     15/49     2.52G   0.03539   0.03119  0.005982   0.07256        61       640    0.8353     0.763    0.8282    0.4906   0.03218   0.04612  0.005142
     16/49     2.52G   0.03464   0.03077  0.005514   0.07092        52       640    0.8367    0.7923    0.8444       0.5   0.03147   0.04555  0.004852
     17/49     2.52G   0.03445   0.03048  0.005497   0.07042        52       640    0.8374    0.7864    0.8394    0.5038    0.0312   0.04529  0.004936
     18/49     2.52G   0.03374   0.02962  0.005152   0.06852        44       640    0.8526    0.7716    0.8436    0.4942   0.03106   0.04518  0.004765
     19/49     2.52G   0.03346    0.0296  0.005047   0.06811        24       640    0.8599    0.7863    0.8541    0.5077   0.03105   0.04511  0.004484
     20/49     2.52G   0.03307   0.02967  0.005035   0.06777        48       640    0.8841    0.7703    0.8532    0.5182   0.03058   0.04454  0.004498
     21/49     2.52G    0.0325   0.02937  0.004557   0.06643        54       640    0.8896    0.7875    0.8652    0.5304   0.03022   0.04425  0.004379
     22/49     2.52G    0.0321   0.02869   0.00464   0.06543        56       640    0.8836       0.8    0.8686    0.5342   0.03008   0.04408  0.004126
     23/49     2.52G   0.03197   0.02831   0.00441   0.06469        59       640    0.8682     0.804    0.8713    0.5358   0.02998   0.04368  0.004097
     24/49     2.52G   0.03178   0.02853  0.004534   0.06484        64       640    0.8851    0.7981    0.8735      0.54   0.02988   0.04361  0.004012
     25/49     2.52G   0.03109   0.02857  0.004204   0.06386        56       640    0.8673     0.824    0.8835    0.5535   0.02948   0.04347  0.003782
     26/49     2.52G   0.03087     0.028  0.004028   0.06291        23       640    0.8855    0.8086    0.8822    0.5522   0.02949   0.04313   0.00376
     27/49     2.52G   0.03045   0.02746  0.003893   0.06181        34       640    0.9197    0.7855    0.8799    0.5541   0.02923   0.04302  0.003716
     28/49     2.52G   0.03057   0.02795  0.003884    0.0624        44       640    0.8863    0.8111    0.8782    0.5561   0.02913   0.04282  0.003678
     29/49     2.52G   0.03013   0.02743  0.003782   0.06134        65       640    0.8972     0.815    0.8875    0.5689   0.02882   0.04264  0.003606
     30/49     2.52G   0.02969   0.02716  0.003645   0.06049        51       640    0.8926    0.8274     0.887    0.5675   0.02872   0.04242  0.003567
     31/49     2.52G   0.02931   0.02687  0.003485   0.05966        61       640     0.885    0.8395    0.8899      0.57   0.02856    0.0422  0.003451
     32/49     2.52G   0.02907   0.02629  0.003587   0.05895        53       640    0.8877    0.8311    0.8845    0.5741   0.02841   0.04231  0.003472
     33/49     2.52G   0.02868     0.026  0.003378   0.05806        26       640    0.9218    0.8068    0.8904    0.5837   0.02829   0.04195  0.003411
     34/49     2.52G    0.0283   0.02603  0.003214   0.05754        54       640    0.8951    0.8329    0.8945    0.5834   0.02817   0.04184  0.003577
     35/49     2.52G    0.0284    0.0261  0.003304    0.0578        46       640    0.9034     0.834    0.8928      0.59   0.02796    0.0415  0.003269
     36/49     2.52G   0.02824   0.02584  0.003203   0.05729        65       640    0.9167    0.8146    0.8952    0.5911   0.02809   0.04178  0.003344
     37/49     2.52G   0.02775   0.02592   0.00315   0.05683        37       640    0.8992    0.8317    0.8956    0.5904   0.02775    0.0411  0.003262
     38/49     2.52G   0.02761   0.02527  0.002958   0.05584        52       640    0.9125     0.825    0.8987    0.5934   0.02784   0.04134  0.003233
     39/49     2.52G   0.02735    0.0253  0.002922   0.05556        22       640    0.9046    0.8303    0.8938    0.5947   0.02754   0.04119  0.003233
     40/49     2.52G   0.02727   0.02519  0.003016   0.05548        25       640    0.9131    0.8302    0.8969    0.6017   0.02742   0.04094  0.003256
     41/49     2.52G   0.02717   0.02472  0.002929   0.05482        24       640    0.9391     0.811    0.8991    0.6058   0.02732   0.04084  0.003167
     42/49     2.52G   0.02698    0.0248  0.002861   0.05463        45       640    0.9162    0.8213    0.9017    0.6088   0.02718   0.04048  0.003082
     43/49     2.52G   0.02706   0.02488   0.00297   0.05491        62       640    0.9346     0.827    0.9051    0.6068   0.02721   0.04064   0.00305
     44/49     2.52G   0.02664   0.02466  0.002821   0.05413        50       640    0.9262    0.8302    0.9053    0.6111    0.0272   0.04065  0.003046
     45/49     2.52G   0.02662   0.02432  0.002735   0.05367        62       640    0.8766    0.8599     0.904    0.6055   0.02708    0.0405  0.003051
     46/49     2.52G   0.02652   0.02487  0.002822   0.05421        43       640    0.9064    0.8374    0.9008    0.6057   0.02692   0.04037  0.003076
     47/49     2.52G   0.02659   0.02433   0.00271   0.05363        50       640    0.9132    0.8427    0.9054    0.6134   0.02688   0.04024  0.003031
     48/49     2.52G   0.02661   0.02441  0.002757   0.05378        35       640    0.9264    0.8253     0.901    0.6111   0.02682   0.04022  0.002956
     49/49     2.52G   0.02605   0.02404  0.002693   0.05278        32       640    0.9156    0.8384    0.9051    0.6118   0.02681   0.04025   0.00297
